EBA01D=[0.053547 -1170.480000;0.052385 -1117.170000;0.054363 -1196.250000;0.050417 -1327.540000];
EBA02D=[0.060588 -1288.410000;0.056517 -1210.190000;0.053395 -1031.010000;0.051533 -1135.070000];
EBA03D=[0.000000 0.000000;0.000000 0.000000;0.000000 0.000000;0.000000 0.000000];
EBA04D=[0.070840 -1119.910000;0.058854 -1113.460000;0.061115 -1191.190000;0.058238 -1157.490000];
EBA05D=[0.068648 -1213.110000;0.066294 -1134.570000;0.052254 -1233.290000;0.051488 -1234.730000];
EBA06D=[0.057224 -1072.100000;0.058264 -1138.370000;0.050244 -1023.120000;0.053355 -961.514000];
EBA07D=[0.066503 -1177.110000;0.065310 -1206.080000;0.060576 -1113.640000;0.061898 -1199.520000];
EBA08D=[0.073657 -1235.260000;0.071648 -1333.010000;0.059262 -1287.710000;0.061719 -1212.160000];
EBA09D=[0.065584 -1116.760000;0.071365 -971.068000;0.069776 -1511.210000;0.067134 -1188.130000];
EBA10D=[0.070331 -1331.430000;0.064596 -1180.690000;0.070216 -1749.440000;0.060285 -1108.040000];
EBA11D=[0.059335 -1124.820000;0.056953 -1314.530000;0.060083 -1288.060000;0.062275 -1087.450000];
EBA12D=[0.057873 -1189.750000;0.061005 -1235.050000;0.061855 -1076.710000;0.054620 -1099.770000];
EBA13D=[0.060995 -1242.880000;0.059791 -1329.220000;0.055873 -1063.660000;0.048399 -1185.010000];
EBA14D=[0.066818 -1203.320000;0.057445 -1234.440000;0.051151 -1059.020000;0.053461 -1199.620000];
EBA15D=[0.064428 -1160.410000;0.059027 -1250.130000;0.044359 -1099.000000;0.054969 -1129.170000];
EBA16D=[0.065418 -1089.470000;0.061374 -1134.070000;0.051648 -1047.010000;0.060179 -980.488000];
EBA17D=[0.000000 0.000000;0.048622 -1064.320000;0.063897 -1262.730000;0.051108 -1263.710000];
EBA18D=[0.055071 -1154.950000;0.061716 -1228.210000;0.069727 -1595.080000;0.060364 -1069.890000];
EBA19D=[0.053112 -1168.200000;0.049607 -1275.060000;0.059652 -1234.320000;0.053462 -1224.720000];
EBA20D=[0.062379 -1203.100000;0.061762 -1151.440000;0.049582 -1234.940000;0.048219 -1122.920000];
EBA21D=[0.067838 -1157.450000;0.064434 -1051.940000;0.050303 -1426.650000;0.047619 -1187.290000];
EBA22D=[0.061629 -1196.340000;0.062570 -1121.630000;0.045679 -1199.490000;0.049061 -1289.630000];
EBA23D=[0.058597 -1052.280000;0.061636 -1219.420000;0.053548 -1227.750000;0.058261 -1319.490000];
EBA24D=[0.059934 -1144.750000;0.062786 -1213.710000;0.065853 -1168.890000;0.068138 -1219.270000];
EBA25D=[0.063595 -1249.580000;0.062026 -1113.730000;0.060796 -1203.400000;0.058070 -1242.760000];
EBA26D=[0.055462 -1156.440000;0.062388 -1206.460000;0.058159 -1127.250000;0.057740 -1147.230000];
EBA27D=[0.052554 -1179.540000;0.056609 -1099.230000;0.058175 -1049.650000;0.060994 -1073.550000];
EBA28D=[0.050516 -1105.330000;0.055666 -1195.430000;0.062012 -1119.320000;0.057480 -1184.660000];
EBA29D=[0.050270 -1093.520000;0.000000 0.000000;0.060097 -979.037000;0.063739 -981.639000];
EBA30D=[0.058331 -1086.300000;0.059877 -1143.000000;0.060536 -1057.450000;0.060798 -869.655000];
EBA31D=[0.048809 -1027.920000;0.059395 -1152.470000;0.063145 -1125.330000;0.000000 0.000000];
EBA32D=[0.047229 -1085.130000;0.053219 -1272.810000;0.060559 -1057.720000;0.057858 -1053.710000];
EBA33D=[0.055339 -1209.160000;0.044728 -1129.520000;0.060470 -988.137000;0.057970 -1193.090000];
EBA34D=[0.051105 -1205.780000;0.056695 -1300.640000;0.054821 -1242.190000;0.046740 -1383.740000];
EBA35D=[0.050206 -1158.970000;0.049767 -1266.390000;0.064717 -1145.300000;0.058956 -1096.280000];
EBA36D=[0.045571 -1179.600000;0.050417 -1234.260000;0.059141 -1034.670000;0.055805 -1138.870000];
EBA37D=[0.046602 -1123.120000;0.057371 -1178.470000;0.058238 -1290.200000;0.061050 -1306.900000];
EBA38D=[0.057212 -1090.470000;0.061416 -1260.750000;0.059993 -1022.040000;0.059318 -1102.310000];
EBA39D=[0.054335 -1149.830000;0.055568 -1193.830000;0.063022 -1144.290000;0.052783 -1020.240000];
EBA40D=[0.060714 -1135.290000;0.059381 -1228.590000;0.054816 -1075.770000;0.055171 -1129.780000];
EBA41D=[0.052235 -1139.150000;0.051139 -1175.800000;0.069956 -1530.860000;0.052554 -1265.070000];
EBA42D=[0.056278 -1117.500000;0.058011 -1120.830000;0.048154 -1214.960000;0.043287 -1196.540000];
EBA43D=[0.057918 -1155.760000;0.057724 -1263.000000;0.046198 -1198.980000;0.056223 -1304.430000];
EBA44D=[0.061944 -1205.990000;0.053407 -1260.250000;0.053995 -1117.600000;0.045662 -1195.460000];
EBA45D=[0.065873 -1263.770000;0.059876 -1162.620000;0.055406 -1216.780000;0.049665 -1168.820000];
EBA46D=[0.064567 -1207.850000;0.046242 -1158.770000;0.056365 -1116.750000;0.050831 -1153.710000];
EBA47D=[0.053571 -1166.360000;0.050871 -1268.620000;0.059000 -1162.950000;0.052524 -1224.230000];
EBA48D=[0.055025 -1313.900000;0.053360 -1381.430000;0.055052 -1257.450000;0.054534 -1149.090000];
EBA49D=[0.048972 -1155.780000;0.056370 -1235.740000;0.060084 -931.246000;0.061741 -1396.760000];
EBA50D=[0.049927 -1220.510000;0.052649 -1291.700000;0.060653 -1202.640000;0.052388 -1181.520000];
EBA51D=[0.049973 -1198.060000;0.055302 -1143.760000;0.060389 -1089.720000;0.057382 -1145.070000];
EBA52D=[0.049093 -1084.650000;0.055451 -1108.960000;0.057007 -978.069000;0.056748 -1124.060000];
EBA53D=[0.058339 -1136.080000;0.059246 -1145.880000;0.060268 -1244.160000;0.058305 -1078.820000];
EBA54D=[0.062632 -1095.380000;0.063194 -1170.990000;0.061311 -961.851000;0.063279 -1061.630000];
EBA55D=[0.065299 -1170.750000;0.060691 -1172.920000;0.063689 -1163.660000;0.060558 -1169.440000];
EBA56D=[0.060879 -1190.360000;0.064629 -1197.690000;0.068615 -1030.610000;0.071566 -733.695000];
EBA57D=[0.064266 -1215.910000;0.072105 -1466.180000;0.057019 -1200.360000;0.065002 -1375.310000];
EBA58D=[0.049055 -1238.300000;0.046322 -1210.900000;0.060521 -1050.880000;0.050232 -1198.950000];
EBA59D=[0.059754 -1319.970000;0.056395 -1219.250000;0.062638 -1073.560000;0.046392 -1227.680000];
EBA60D=[0.067470 -1334.890000;0.063717 -1375.710000;0.053737 -1184.740000;0.053960 -1163.000000];
EBA61D=[0.054468 -1294.760000;0.000000 0.000000;0.103872 -2057.710000;0.057075 -1230.530000];
EBA62D=[0.051581 -1152.440000;0.048143 -1133.800000;0.065531 -1232.820000;0.057323 -1174.100000];
EBA63D=[0.063176 -1152.070000;0.069372 -1319.170000;0.068664 -1356.260000;0.063311 -1228.110000];
EBA64D=[0.084442 -1476.980000;0.064076 -1344.000000;0.072362 -1364.160000;0.059233 -1206.270000];

EBC01D=[0.068937 -1159.180000;0.060879 -1125.050000;0.049290 -1207.760000;0.054991 -1319.500000];
EBC02D=[0.066486 -1283.720000;0.069257 -1307.640000;0.058700 -1183.920000;0.053069 -1162.580000];
EBC03D=[0.061897 -1330.040000;0.062586 -1209.030000;0.046640 -1275.450000;0.057441 -1183.630000];
EBC04D=[0.065446 -1173.260000;0.064648 -1193.540000;0.059356 -1182.250000;0.059865 -1085.160000];
EBC05D=[0.049980 -1170.780000;0.051089 -1233.940000;0.060074 -1118.750000;0.064849 -1202.690000];
EBC06D=[0.049647 -938.984000;0.056300 -1131.240000;0.065805 -972.865000;0.061273 -1066.520000];
EBC07D=[0.050473 -1116.210000;0.050797 -1243.550000;0.057157 -1222.860000;0.057820 -1286.740000];
EBC08D=[0.000000 0.000000;0.064615 -1335.620000;0.070838 -1020.920000;0.063975 -1258.320000];
EBC09D=[0.063325 -1116.600000;0.061657 -973.013000;0.055138 -1023.080000;0.056177 -1112.420000];
EBC10D=[0.068044 -1220.300000;0.068738 -1280.240000;0.059324 -1118.260000;0.057032 -1158.320000];
EBC11D=[0.053520 -1194.350000;0.058618 -1274.950000;0.058558 -1171.330000;0.060487 -1252.260000];
EBC12D=[0.053914 -1135.160000;0.059095 -1349.610000;0.064832 -1155.700000;0.059112 -1129.340000];
EBC13D=[0.050061 -1094.230000;0.045375 -1229.950000;0.060135 -1025.540000;0.063509 -1138.650000];
EBC14D=[0.048566 -1048.910000;0.046669 -1091.950000;0.058700 -1151.280000;0.052092 -1140.770000];
EBC15D=[0.057882 -1351.020000;0.054108 -1384.350000;0.059429 -1206.410000;0.055405 -1242.900000];
EBC16D=[0.045810 -1258.070000;0.051685 -1459.780000;0.059890 -1100.290000;0.053028 -1164.390000];
EBC17D=[0.062832 -1189.040000;0.062054 -1045.670000;0.054498 -1081.780000;0.063475 -1112.080000];
EBC18D=[0.064415 -1081.920000;0.063279 -1166.360000;0.077008 -1471.090000;0.056805 -1185.570000];
