EBA01=[-58.000000  -311.000000  511.000000  432.000000  46.000000  36.000000  -2.000000;-52.000000  -352.000000  511.000000  432.000000  124.000000  24.000000  -27.000000;-15.000000  -262.000000  276.000000  511.000000  142.000000  81.000000  -28.000000;-33.000000  -256.000000  422.000000  511.000000  66.000000  60.000000  31.000000];
EBA02=[-108.000000  -171.000000  511.000000  339.000000  25.000000  19.000000  8.000000;-81.000000  -242.000000  511.000000  402.000000  32.000000  28.000000  -16.000000;-49.000000  -337.000000  511.000000  446.000000  42.000000  29.000000  -7.000000;-87.000000  -246.000000  511.000000  399.000000  85.000000  57.000000  -39.000000];
EBA03=[0.000000  0.000000  0.000000  0.000000  0.000000  0.000000  0.000000;0.000000  0.000000  0.000000  0.000000  0.000000  0.000000  0.000000;0.000000  0.000000  0.000000  0.000000  0.000000  0.000000  0.000000;0.000000  0.000000  0.000000  0.000000  0.000000  0.000000  0.000000];
EBA04=[-131.000000  -69.000000  511.000000  162.000000  57.000000  -15.000000  16.000000;-168.000000  -99.000000  511.000000  312.000000  20.000000  32.000000  -2.000000;-20.000000  -266.000000  511.000000  348.000000  46.000000  17.000000  18.000000;-125.000000  -118.000000  511.000000  301.000000  47.000000  42.000000  -32.000000];
EBA05=[-112.000000  -152.000000  511.000000  266.000000  24.000000  33.000000  5.000000;-117.000000  -144.000000  511.000000  248.000000  33.000000  1.000000  0.000000;-79.000000  -225.000000  382.000000  511.000000  45.000000  87.000000  -3.000000;-44.000000  -260.000000  511.000000  395.000000  131.000000  7.000000  13.000000];
EBA06=[-116.000000  -146.000000  511.000000  303.000000  29.000000  32.000000  -1.000000;-204.000000  57.000000  511.000000  185.000000  50.000000  8.000000  19.000000;-42.000000  -305.000000  511.000000  455.000000  50.000000  29.000000  26.000000;-86.000000  -261.000000  511.000000  363.000000  58.000000  83.000000  -39.000000];
EBA07=[-185.000000  15.000000  511.000000  192.000000  23.000000  21.000000  5.000000;-187.000000  8.000000  511.000000  186.000000  37.000000  3.000000  34.000000;-125.000000  -104.000000  511.000000  279.000000  22.000000  14.000000  34.000000;-166.000000  -4.000000  511.000000  196.000000  38.000000  16.000000  18.000000];
EBA08=[-173.000000  3.000000  511.000000  177.000000  47.000000  1.000000  16.000000;-173.000000  22.000000  511.000000  159.000000  51.000000  14.000000  19.000000;-122.000000  -57.000000  511.000000  262.000000  57.000000  30.000000  3.000000;-183.000000  42.000000  511.000000  178.000000  78.000000  -13.000000  21.000000];
EBA09=[-146.000000  -61.000000  511.000000  205.000000  -24.000000  22.000000  20.000000;-171.000000  -54.000000  511.000000  133.000000  9.000000  -11.000000  -7.000000;-7.000000  -147.000000  511.000000  141.000000  62.000000  -5.000000  101.000000;-142.000000  -21.000000  511.000000  124.000000  40.000000  -12.000000  30.000000];
EBA10=[-227.000000  105.000000  511.000000  129.000000  14.000000  16.000000  17.000000;-223.000000  69.000000  511.000000  151.000000  42.000000  -10.000000  30.000000;44.000000  -110.000000  511.000000  120.000000  0.000000  85.000000  167.000000;55.000000  -253.000000  107.000000  511.000000  134.000000  30.000000  12.000000];
EBA11=[33.000000  -261.000000  141.000000  511.000000  163.000000  18.000000  16.000000;47.000000  -271.000000  137.000000  511.000000  187.000000  10.000000  36.000000;-109.000000  -47.000000  511.000000  243.000000  -36.000000  48.000000  96.000000;-169.000000  38.000000  511.000000  150.000000  21.000000  21.000000  2.000000];
EBA12=[82.000000  -361.000000  241.000000  511.000000  136.000000  -4.000000  38.000000;69.000000  -320.000000  172.000000  511.000000  129.000000  41.000000  7.000000;-196.000000  15.000000  511.000000  201.000000  25.000000  37.000000  -14.000000;66.000000  -303.000000  185.000000  511.000000  139.000000  39.000000  4.000000];
EBA13=[-103.000000  -178.000000  511.000000  280.000000  75.000000  -11.000000  19.000000;-69.000000  -229.000000  511.000000  326.000000  77.000000  -7.000000  12.000000;1.000000  -292.000000  291.000000  511.000000  98.000000  43.000000  -11.000000;-13.000000  -300.000000  419.000000  511.000000  108.000000  52.000000  5.000000];
EBA14=[-78.000000  -163.000000  511.000000  212.000000  69.000000  -8.000000  14.000000;-61.000000  -218.000000  511.000000  338.000000  57.000000  15.000000  19.000000;-19.000000  -338.000000  430.000000  511.000000  58.000000  19.000000  26.000000;-48.000000  -243.000000  511.000000  386.000000  69.000000  15.000000  24.000000];
EBA15=[-119.000000  -119.000000  511.000000  240.000000  50.000000  -5.000000  15.000000;-120.000000  -112.000000  511.000000  287.000000  41.000000  -1.000000  20.000000;-66.000000  -272.000000  509.000000  511.000000  114.000000  15.000000  0.000000;-144.000000  -155.000000  511.000000  327.000000  68.000000  7.000000  27.000000];
EBA16=[-156.000000  -57.000000  511.000000  209.000000  64.000000  -17.000000  4.000000;-148.000000  -67.000000  511.000000  223.000000  73.000000  -8.000000  -1.000000;-115.000000  -243.000000  511.000000  421.000000  118.000000  -8.000000  -22.000000;-165.000000  -158.000000  511.000000  307.000000  35.000000  24.000000  -49.000000];
EBA17=[0.000000  0.000000  0.000000  0.000000  0.000000  0.000000  0.000000;-397.000000  428.000000  511.000000  162.000000  39.000000  -23.000000  -20.000000;-188.000000  96.000000  511.000000  89.000000  60.000000  46.000000  9.000000;-251.000000  253.000000  511.000000  149.000000  74.000000  -13.000000  26.000000];
EBA18=[-296.000000  291.000000  511.000000  83.000000  43.000000  0.000000  19.000000;-222.000000  105.000000  511.000000  147.000000  22.000000  10.000000  5.000000;-22.000000  -29.000000  511.000000  40.000000  80.000000  57.000000  128.000000;-209.000000  157.000000  511.000000  63.000000  52.000000  17.000000  -15.000000];
EBA19=[-285.000000  511.000000  385.000000  56.000000  48.000000  10.000000  -5.000000;-332.000000  511.000000  462.000000  92.000000  54.000000  -26.000000  13.000000;-283.000000  234.000000  511.000000  72.000000  14.000000  32.000000  56.000000;-299.000000  322.000000  511.000000  82.000000  12.000000  1.000000  32.000000];
EBA20=[-249.000000  511.000000  293.000000  57.000000  18.000000  -11.000000  2.000000;-308.000000  511.000000  329.000000  51.000000  30.000000  -17.000000  -8.000000;-254.000000  353.000000  511.000000  88.000000  44.000000  31.000000  39.000000;-308.000000  391.000000  511.000000  105.000000  68.000000  0.000000  -1.000000];
EBA21=[-215.000000  511.000000  231.000000  18.000000  41.000000  -19.000000  6.000000;-237.000000  511.000000  248.000000  29.000000  11.000000  9.000000  -8.000000;-270.000000  343.000000  511.000000  104.000000  20.000000  15.000000  157.000000;-313.000000  439.000000  511.000000  103.000000  10.000000  10.000000  13.000000];
EBA22=[-192.000000  511.000000  261.000000  47.000000  12.000000  30.000000  -19.000000;-215.000000  511.000000  247.000000  31.000000  13.000000  17.000000  6.000000;-359.000000  490.000000  511.000000  111.000000  22.000000  13.000000  16.000000;-325.000000  511.000000  477.000000  41.000000  26.000000  20.000000  16.000000];
EBA23=[-206.000000  62.000000  511.000000  180.000000  62.000000  -14.000000  10.000000;-185.000000  18.000000  511.000000  214.000000  47.000000  -6.000000  22.000000;-225.000000  511.000000  383.000000  54.000000  2.000000  20.000000  -8.000000;-153.000000  511.000000  294.000000  65.000000  7.000000  -5.000000  -6.000000];
EBA24=[-216.000000  98.000000  511.000000  192.000000  18.000000  33.000000  -14.000000;-149.000000  -32.000000  511.000000  192.000000  28.000000  1.000000  35.000000;-263.000000  511.000000  250.000000  71.000000  9.000000  -22.000000  22.000000;-199.000000  511.000000  221.000000  29.000000  33.000000  16.000000  -30.000000];
